Brazil	1	0.04603025744246351	8.29996177066332E-4	0.0029640752156627403
Canada	1	0.05110222832769433	8.425576790598606E-4	0.004246727860371001
Denmark	1	0.05672929623665946	8.562232427284853E-4	0.004865206474192003
France	1	0.050716956315114935	7.709833564808009E-4	0.0036162990249116052
GreatBritain	1	0.049886601127927734	8.32921862147193E-4	0.004446630440203591
India	1	0.030524615857553228	0.0015620921557142902	0.002194407278870675
Japan	1	0.02367766264294438	3.338775892981509E-4	0.0020159560163679918
Korea	1	0.021015765781451173	4.8806748924075166E-4	0.003817379471326418
Mexico	1	0.050715771234892626	9.543256991539778E-4	0.0036124271695119584
Russia	1	0.044433536169003265	0.0011667605935298197	0.003357513725905071
UnitedStates	1	0.04729812056588716	7.875264042860433E-4	0.004166919219704232
Brazil	2	0.10670104328808362	9.389855874912574E-4	0.005933399067574868
Canada	2	0.04333039581308452	8.576667515266492E-4	0.0035551113375514457
Denmark	2	0.044518062765800004	9.058614648719262E-4	0.003470904618793662
France	2	0.0817493162296007	8.29203834190655E-4	0.0049165650058012045
GreatBritain	2	0.04539635594735729	8.112937949915432E-4	0.0036673323637705737
India	2	0.045436272515721	0.0013556903112508737	0.0013989913723113354
Japan	2	0.03072398325585153	6.023980333738183E-4	0.002000306807268597
Korea	2	0.013045669892248948	3.4837542794957156E-4	0.0019799116088663146
Mexico	2	0.07719202738113297	9.403352676973546E-4	0.003898163047979922
Russia	2	0.06863570166049011	0.0025170830894755006	0.005975895099863015
UnitedStates	2	0.04632491341946853	7.065853514413769E-4	0.003964564580990386
Brazil	10	0.07173590022464255	0.0010845012790909145	0.008378366638109744
Canada	10	0.07299340043612328	0.0012205841043599873	0.009198334299983447
Denmark	10	0.07855528259493685	0.0015893877308009625	0.0102397444830251
France	10	0.07699513864243497	0.0011838398810263423	0.00930907292703379
GreatBritain	10	0.07561949815360955	0.00122059754710911	0.009439139520972542
India	10	0.05063292139110214	0.0016734593243516224	0.0068454131377109605
Japan	10	0.07313509950924234	8.409091545425525E-4	0.011195505637149104
Korea	10	0.07719196769304511	8.433634817833939E-4	0.01187903926244754
Mexico	10	0.07101440831293405	0.0011423769392854598	0.007934576186240331
Russia	10	0.10805175355623492	0.001832993257676539	0.014014104577203328
UnitedStates	10	0.06772403048402897	0.0011865989833569318	0.007925663823624732
Brazil	15	0.06543196604360792	0.001726883582246769	0.002527177639747987
Canada	15	0.04591038012389043	6.156896403120735E-4	0.0029087299408438487
Denmark	15	0.04323155236378829	8.55755538574331E-4	0.002760549206305736
France	15	0.07164750159691272	6.6429706243427E-4	0.003948564125011655
GreatBritain	15	0.03686173375981149	6.235625111453675E-4	0.002687872590340396
India	15	0.029165355105252803	8.914518984851466E-4	7.248016263361532E-4
Japan	15	0.013002298813174728	2.996733093305263E-4	0.0018801728518645603
Korea	15	0.019504787158784155	3.5238940380687183E-4	0.002129938888672249
Mexico	15	0.008968589106065294	8.460132445630243E-4	8.695457607136602E-4
Russia	15	0.05284127387538893	0.0019372106684660629	0.00426114870629626
UnitedStates	15	0.046012286815646224	6.134876166004002E-4	0.0035860992711610677
Brazil	17	0.04936899575874964	9.046838360146164E-4	0.0028751706591739045
Canada	17	0.024214199893508932	7.681056325340114E-4	0.002154955094761499
Denmark	17	0.026995745788965353	7.396533880136516E-4	0.0019927609014902324
France	17	0.025378161087111308	7.387008436856348E-4	0.0021136408147559194
GreatBritain	17	0.024711032594720173	6.953273605377354E-4	0.0022064937312824906
India	17	0.029260915480069198	8.712353907577781E-4	0.0015562019824312205
Japan	17	0.0190155607418051	7.317366665609887E-4	0.0018124406755547142
Korea	17	0.014480159219723942	4.7620814670855686E-4	0.0025759463109366995
Mexico	17	0.021604497872283777	6.782105830693438E-4	0.0017901256259064775
Russia	17	0.028889165525542645	0.0016959200263088616	0.0032260165616524125
UnitedStates	17	0.022051315693066936	7.044609119994494E-4	0.0022589163682167936
Brazil	19	0.08129600539992866	0.001274046409148491	0.004780989278286129
Canada	19	0.052219007038014194	0.0010396579098332793	0.003841768079310796
Denmark	19	0.0690209451557309	0.0015138904826791579	0.0018706624838547273
France	19	0.06571650381658581	8.896165272689438E-4	0.004505089310963752
GreatBritain	19	0.03703189389395675	8.518164768424589E-4	0.003958432166710205
India	19	0.08154508116549465	0.0023447926770396666	0.009083371164164756
Japan	19	0.031636683311368374	5.099660731285803E-4	0.0019354877553306045
Korea	19	0.017203227042339248	4.1362173798170556E-4	0.0023383801589433994
Mexico	19	0.062039595761497424	0.001887473761488141	0.003972302934933212
Russia	19	0.06248928820687711	0.0017964104643577543	0.00655069050246791
UnitedStates	19	0.04348286372675035	0.0010465512536725397	0.0042228934082326605
Brazil	20	0.06126292658414011	0.0011201367350553175	0.003449400706321507
Canada	20	0.054401485556255055	9.77874656358394E-4	0.004315600511405756
Denmark	20	0.05841506501311378	0.0011222838022813403	0.004423278872923449
France	20	0.055405812023288356	0.0010891096229190495	0.003986226267906145
GreatBritain	20	0.05702118574914929	0.0010036265701455912	0.004557206656121385
India	20	0.08023118691595639	0.0018334930435764433	0.004623816308025633
Japan	20	0.031125777971585264	6.376527733605989E-4	0.002702094285246242
Korea	20	0.030337944977783297	9.743899356501012E-4	0.003319868559918052
Mexico	20	0.07816948302063395	0.0013617222333734123	0.004659813553005847
Russia	20	0.05357867022226336	0.002119760298886452	0.003912580693925289
UnitedStates	20	0.05418269374265821	9.818896604897236E-4	0.004547764110194463
Brazil	22	0.09036716649501188	0.001729172377659472	0.0038912753892253967
Canada	22	0.04899961067673515	0.0015795647505636122	0.0027407666441402806
Denmark	22	0.0462942578166995	0.0017172021029191445	0.002703639811405152
France	22	0.08528004523910361	0.0015825516304695149	0.005422795575070152
GreatBritain	22	0.04735213841681974	0.0015697205046639729	0.00269999182153912
India	22	0.0441732858082712	0.0016276081665873305	0.0031668458565315407
Japan	22	0.03116814291003138	7.908700743678862E-4	0.0022841794595264337
Korea	22	0.03586400909544649	8.563397944632705E-4	0.004079398415736467
Mexico	22	0.08210144757964158	0.0017354428901270485	0.006183354626366137
Russia	22	0.07749367445758429	0.0027051852623310455	0.006933352323026879
UnitedStates	22	0.05645656987837441	0.0016428710020413811	0.004050248801824001
Brazil	23	0.09876668454898427	0.0017978400523091787	0.0032526615396043434
Canada	23	0.05684314257994741	0.001292902980691785	0.0028305700726605513
Denmark	23	0.04907031657657158	0.0014857593412852992	0.0017215725203656483
France	23	0.09650646998831294	0.0011420120716072015	0.003591097709414194
GreatBritain	23	0.053318849156395336	0.0012788699220030364	0.0027839502113215283
India	23	0.07983216457863332	0.0019425150095328152	0.004663438820208583
Japan	23	0.039749954619709794	6.017249466957118E-4	0.002774610145437703
Korea	23	0.037644534458875493	0.0011884518548667716	0.003938188512709234
Mexico	23	0.08976009323691894	0.001508539471289158	0.006112122190511849
Russia	23	0.05874657163162774	0.0021954235405749274	0.004080742240420676
UnitedStates	23	0.07427186152575502	0.0010378465127585574	0.005281607560745332
Brazil	24	0.08186157739015396	0.001347737708416128	0.004502813011231348
Canada	24	0.05067067666117891	0.001091871718317103	0.003138643154236553
Denmark	24	0.0503141765641503	0.0012792865457361274	0.003063204814315231
France	24	0.08551528264371056	0.0011225564008649702	0.0048711380795321835
GreatBritain	24	0.05020776412267473	0.0010639634886927146	0.003348944752871428
India	24	0.03822099524236938	0.0014260212702461516	0.0024010144242453033
Japan	24	0.03260593505010776	0.001026539457026004	0.003355244562126231
Korea	24	0.033425148761826395	5.285647375441391E-4	0.003203625533385685
Mexico	24	0.08435907853169652	0.0014670788375701154	0.005862322766915506
Russia	24	0.08269463456001926	0.002142762609995987	0.008169294062136985
UnitedStates	24	0.04883416182272961	9.89589483523203E-4	0.003412530129993385
Brazil	25	0.03465419136115232	0.001807399319783808	0.004334853888144981
Canada	25	0.014699688144187182	0.0014552029121237089	0.003681099060944356
Denmark	25	0.016097096312463907	0.002340161692847307	0.004378294702321898
France	25	0.029181467663816914	0.0023042110444490616	0.004520724575268139
GreatBritain	25	0.014083206835711334	0.0017870667145511738	0.00389114633479432
India	25	0.022771215807641538	0.005290190826482161	0.002915735146783982
Japan	25	0.010833601630014494	6.989397100953361E-4	0.0019910009936724153
Korea	25	0.012775925559043465	4.4157182150914763E-4	0.0036577564047648326
Mexico	25	0.022525387355545014	0.0010024592310641145	0.0028026433862335435
Russia	25	0.03961073822109798	0.002884675550200515	0.005609953751282279
UnitedStates	25	0.012735726324574677	0.0016328466990213433	0.003557970445125621
Brazil	26	0.06806117277327878	0.0012378149919651169	0.0025726831280140994
Canada	26	0.04528138584208167	0.0013468905857842825	0.0031982563202059286
Denmark	26	0.04760994974158373	0.0016359604152759958	0.002906852586311603
France	26	0.08449046043422614	0.0013628396292612466	0.003314410508973356
GreatBritain	26	0.04729048839283678	0.0014387035334045473	0.0036705001793774527
India	26	0.042642383726264305	0.0021713556562626105	0.0028133241203837965
Japan	26	0.02459389610278684	0.0014555241864582227	0.00197229445101004
Korea	26	0.022827262658140522	5.112712069068293E-4	0.001815865543739388
Mexico	26	0.07017935938596154	0.001151245483660331	0.003792031230965681
Russia	26	0.04688964459047513	0.0017636826924407815	0.002561633780827756
UnitedStates	26	0.047211707817413406	0.0014945789587986476	0.004108190121633453
Brazil	27	0.02655789628183758	4.157602666282417E-4	0.0012368489253412579
Canada	27	0.054082223010638225	9.307501794663596E-4	0.0041885449673449635
Denmark	27	0.046611576233359736	0.0010578308569577563	0.0032808783324017998
France	27	0.037868190187644125	5.29054329901017E-4	0.002256061954521927
GreatBritain	27	0.049662983201040525	0.0010278719943180028	0.003756131383632117
India	27	0.034090311530367214	0.0016366819427631129	0.0034092821558760725
Japan	27	0.006415698912247408	2.8015570952091514E-4	7.580057681912689E-4
Korea	27	0.013656204934530068	3.5774109906479393E-4	0.001706705097990006
Mexico	27	0.01750814677680629	6.793448623645789E-4	0.0013734585535938731
Russia	27	0.020112755056311916	7.147334138032714E-4	0.0020983118265574243
UnitedStates	27	0.05624275573521315	0.0010249632477468387	0.004665043852933591
Brazil	28	0.040144225525212324	0.0010464107922163416	0.001780343555334888
Canada	28	0.04040404154824669	9.200134416678728E-4	0.0026771129016042138
Denmark	28	0.03838532129279448	0.0010084426691827123	0.0026525682457980673
France	28	0.03220860664851689	8.663610522819003E-4	0.0016383971319920765
GreatBritain	28	0.039251528893466066	8.959164654358099E-4	0.002573664872733907
India	28	0.05520736961395851	0.0020007942024749445	0.004072238436377637
Japan	28	0.030259383285976243	0.0012264549580814068	0.0010897794775400734
Korea	28	0.026615030236126925	8.833687275015105E-4	0.00172326895345601
Mexico	28	0.028555995144606817	0.0011569232253941782	0.001348106309436706
Russia	28	0.0572444233931226	0.0019199633528178357	0.007451649192811016
UnitedStates	28	0.040175853799097154	8.97640207565032E-4	0.002626820798409429
Brazil	29	0.13593179612873507	0.0013650456751561249	0.026170135990802285
Canada	29	0.02867825508497341	8.645204467291218E-4	0.001920228089662504
Denmark	29	0.05671907840873699	0.001120023573161657	0.0027509357463497966
France	29	0.06128316472609276	6.228382230481868E-4	0.002383853977669591
GreatBritain	29	0.0674559204432893	0.0010063358629905893	0.00414921587396173
India	29	0.037714372424081044	0.0014757232770621262	0.0014170526893802523
Japan	29	0.08377126608927353	4.400462008040623E-4	3.4136631242632733E-4
Korea	29	0.03114426005748291	3.1549136864766024E-4	0.002990926907870101
Mexico	29	0.15829019980396816	0.0013634011792412603	0.011617090528000442
Russia	29	0.060405781085670684	0.002230366417406575	0.012751711385036689
UnitedStates	29	0.05513506481684437	0.0010272327881664875	0.00378620247217043
