Brazil	1753076.6884426163	126659.78342339436	2085.852407452214	10858.670847111327
Canada	2791353.992104272	149999.24827827397	3181.822756375767	13155.23212364145
Denmark	1665344.4059641666	93168.79705154417	2286.749340901754	8588.185394920909
France	1071807.6778863603	76892.89977551652	1212.7244633231621	7110.60402188378
GreatBritain	2343070.3575057797	125685.47158449379	2636.32227539115	11298.861860852734
India	2887974.8311864994	136287.12645092193	4714.610356905086	12626.566344400382
Japan	1218847.9762740117	58548.49292253095	1022.3279294538318	7638.203868747563
Korea	1555779.8732095638	74702.90936260467	1108.5941494050242	10371.299443587484
Mexico	2148253.085579107	152169.69870562776	2669.745708947701	13772.01905939596
Russia	685685.9302087597	50183.09653431573	1436.8002728885251	5436.376040387502
UnitedStates	2865169.585137987	152576.68597007703	3121.2134397978252	14253.345095508865
