1	25880	1229133.2605100463	52367.69439721793	1062.984234930448	4452.841383307574
2	18577	625816.8935780805	31414.66986058029	667.4178823276094	2407.9278139635035
10	137941	4021828.7797971596	284955.97619996953	4928.41390159561	36174.716748464925
15	5314	824726.0758374106	24800.85773428679	452.1985321791494	2109.280203236733
17	85827	1189298.6285085112	30556.180351171544	912.4176774208582	2607.8513055332237
19	4574	573498.0450371666	29637.81110625273	739.2912111937036	2417.5037166593793
20	74379	1915500.2271340028	110776.48895521586	2074.1904300945157	8240.117976848303
22	93516	1402035.8328200523	77519.59455066513	2233.772284956585	5126.582809358826
23	47784	1507670.5368742675	99986.36198309058	2165.232420894023	5597.811024610748
24	213899	1715460.2168079328	89764.87876521162	2023.9906684930738	6160.760961949331
25	34747	819073.6601145422	15107.732466112182	1483.973292658359	3097.3138400437447
26	27732	865948.9142146257	40370.88623251118	1239.5499062454926	2735.4687004182892
27	14597	1281786.2558744948	50566.72377885867	1155.9354661916832	4041.964855792286
28	22949	2154530.245893067	88278.29325896554	2483.3123447644775	5939.471915987625
29	2328	736035.2491408935	45409.55670103093	1416.8535223367699	7959.467783505154
